9914135
9914135
9914139
9914117
9914141
9914113
9914107
9914135
9914061
9914117
9914135
9914053
9914109
9914105
9914053
9914141
9914135
9914139
9914109
9914141
9914053
9914113
9914105
9914117
9914113
9914141
9914139
9914125
9914141
9914127
9914125
9914141
9914207
9914137
9914061
9914141
9914145
9914001
9914109
9914109
9914061
9914139
9914207
9914113
9914113
9914139
9914207
9914117
9914109
9914109
9914139
9914061
9914117
9914139
9914135
9914113
9914117
9914145
9914111
9914141
9914113
9914141
9914141
9914135
9914127
9914127
9914109
9914061
9914117
9914113
9914001
9914053
9914207
9914139
9914061
9914115
9914139
9914139
9914125
9914139
9914105
9914053
9914135
9914139
9914001
9914139
9914135
9914109
9914221
9914125
9914139
9914117
9914141
9914137
9914099
9914101
9914127
9914113
9914113
9914083