9914117
9914053
9914127
9914029
9914109
9914121
9914125
9914109
9914109
9914139
9914141
9914139
9914113
9914139
9914117
9914115
9914109
9914121
9914127
9914109
9914105
9914101
9914111
9914117
9914139
9914139
9914105
9914115
9914135
9914001
9914145
9914083
9914109
9914123
9914111
9914109
9914139
9914101
9914145
9914127
9914015
9914105
9914109
9914145
9914117
9914145
9914117
9914053
9914145
9914147
9914139
9914139
9914139
9914145
9914113
9914117
9914145
9914053
9914135
9914139
9914127
9914117
9914001
9914207
9914113
9914113
9914207
9914117
9914139
9914145
9914139
9914113
9914145
9914139
9914113
9914001
9914111
9914053
9914121
9914109
9914135
9914113
9914053
9914115
9914139
9914145
9914115
9914109
9914117
9914053
9914139
9914117
9914147
9914139
9914135
9914207
9914113
9914001
9914113
9914113