9914123
9914145
9914101
9914109
9914113
9914113
9914109
9914123
9914113
9914139
9914053
9914139
9914141
9914111
9914141
9914145
9914139
9914141
9914135
9914109
9914109
9914141
9914117
9914207
9914105
9914061
9914105
9914117
9914061
9914107
9914207
9914115
9914145
9914123
9914113
9914117
9914029
9914109
9914135
9914141
9914109
9914105
9914109
9914135
9914113
9914139
9914127
9914135
9914139
9914141
9914109
9914135
9914113
9914099
9914121
9914145
9914117
9914117
9914109
9914113
9914109
9914147
9914135
9914135
9914123
9914117
9914061
9914145
9914001
9914001
9914105
9914141
9914001
9914139
9914139
9914053
9914061
9914145
9914135
9914101
9914139
9914141
9914139
9914109
9914053
9914053
9914135
9914101
9914061
9914117
9914117
9914029
9914083
9914127
9914117
9914117
9914117
9914109
9914111
9914001