9914101
9914019
9914109
9914105
9914117
9914145
9914117
9914109
9914113
9914105
9914139
9914125
9914141
9914117
9914137
9914125
9914157
9914207
9914139
9914135
9914113
9914001
9914145
9914135
9914053
9914139
9914139
9914139
9914083
9914105
9914139
9914109
9914061
9914061
9914109
9914145
9914053
9914011
9914135
9914127
9914113
9914135
9914101
9914139
9914101
9914121
9914139
9914053
9914105
9914139
9914011
9914117
9914135
9914127
9914155
9914139
9914139
9914141
9914053
9914145
9914101
9914061
9914135
9914157
9914139
9914085
9914117
9914053
9914139
9914139
9914139
9914147
9914141
9914105
9914207
9914139
9914135
9914135
9914145
9914115
9914121
9914017
9914145
9914117
9914141
9914113
9914117
9914117
9914053
9914109
9914139
9914001
9914061
9914135
9914117
9914139
9914141
9914139
9914113
9914139