9914125
9914117
9914113
9914105
9914109
9914117
9914141
9914113
9914135
9914061
9914139
9914053
9914139
9914121
9914105
9914017
9914011
9914101
9914001
9914121
9914107
9914117
9914107
9914139
9914121
9914135
9914105
9914105
9914145
9914113
9914109
9914109
9914147
9914085
9914117
9914011
9914053
9914127
9914101
9914117
9914139
9914113
9914061
9914145
9914117
9914117
9914145
9914157
9914141
9914117
9914141
9914127
9914117
9914117
9914113
9914053
9914109
9914139
9914117
9914121
9914113
9914109
9914127
9914117
9914123
9914101
9914061
9914127
9914111
9914109
9914117
9914117
9914207
9914109
9914145
9914053
9914139
9914139
9914121
9914117
9914127
9914121
9914145
9914141
9914145
9914117
9914001
9914139
9914135
9914117
9914141
9914145
9914127
9914139
9914117
9914105
9914109
9914139
9914105
9914117
