9914117
9914139
9914135
9914001
9914109
9914117
9914125
9914139
9914113
9914139
9914127
9914029
9914207
9914053
9914139
9914127
9914099
9914117
9914105
9914061
9914061
9914135
9914127
9914061
9914053
9914139
9914105
9914135
9914061
9914113
9914117
9914139
9914117
9914141
9914117
9914105
9914117
9914109
9914135
9914137
9914109
9914117
9914101
9914001
9914109
9914109
9914105
9914127
9914109
9914001
9914053
9914135
9914117
9914109
9914139
9914117
9914139
9914053
9914207
9914113
9914127
9914139
9914109
9914083
9914109
9914135
9914117
9914141
9914139
9914113
9914139
9914109
9914125
9914053
9914139
9914117
9914139
9914109
9914105
9914109
9914139
9914011
9914127
9914113
9914053
9914127
9914135
9914135
9914127
9914105
9914001
9914001
9914117
9914053
9914101
9914139
9914139
9914105
9914113
9914127